$ 1 5.0000000000000004e-8 10.20027730826997 43 5 43 5e-11
f 544 256 592 256 32 1.5 80
f 544 368 592 368 32 1.5 80
f 832 368 784 368 32 1.5 80
f 832 256 784 256 32 0.1 80
g 688 416 688 432 0 0
w 592 384 592 416 0
w 592 416 688 416 0
w 688 416 784 416 0
w 784 416 784 384 0
g 832 368 832 400 0 0
g 544 256 544 272 0 0
w 592 272 592 304 0
w 592 304 592 352 0
w 784 272 784 304 0
w 784 304 784 352 0
r 592 304 672 304 0 5.61
v 672 304 720 304 0 0 40 7 0 0 0.5
l 720 304 784 304 0 0.0004919999999999999 -0.28116738780333145 0
R 688 224 688 176 0 0 40 12 0 0 0.5
w 592 240 592 224 0
w 592 224 688 224 0
w 688 224 784 224 0
w 784 224 784 240 0
v 896 416 896 336 0 2 5000 6 6 0 0.3
g 896 416 896 432 0 0
w 544 368 544 336 0
w 544 336 896 336 0
p 496 304 496 368 3 0 0
g 496 368 496 384 0 0
w 496 304 592 304 0
p 928 304 928 368 3 0 0
w 784 304 928 304 0
g 928 368 928 384 0 0
w 832 224 832 256 0
c 672 368 672 304 0 1e-10 -4.2903940684623 0.001
r 688 416 688 368 0 1000000
w 672 368 688 368 0
w 896 256 896 336 0
w 832 224 784 224 0
o 27 64 0 4098 20 0.1 0 1
o 30 64 0 4098 20 0.1 1 1
o 17 64 0 4099 40 0.8 2 2 17 3
