2,0.0000,80.1292,8.5606,22046
5,0.0000,94.3897,5.1285,14109
8,0.0071,97.3584,4.2437,12063
11,0.0286,99.1382,3.3043,9891
13,0.0357,99.1862,3.1224,9470
16,0.0428,98.9748,3.0029,9194
19,0.0428,98.8301,3.0378,9274
22,0.0571,98.1750,2.8547,8851
25,0.0714,97.3174,2.7204,8541
28,0.0857,95.9748,2.7029,8500
30,0.0928,94.7647,2.8238,8779
33,0.1071,93.9754,2.6731,8431
36,0.1285,92.1303,2.6061,8276
39,0.1499,90.8427,2.4050,7811
42,0.1714,88.6722,2.4163,7837
44,0.1928,87.2140,2.2562,7467
47,0.2071,85.2920,2.3781,7749
50,0.2285,83.0460,2.4076,7817
53,0.2570,81.5068,2.0967,7098
56,0.2785,78.9384,2.2038,7346
59,0.2999,77.4871,2.0421,6972
61,0.3284,74.7457,2.0205,6922
64,0.3570,72.9006,1.7832,6373
67,0.3856,69.9347,1.8156,6448
70,0.4141,67.9419,1.6139,5982
73,0.4355,65.2465,1.7516,6300
75,0.4641,62.3071,1.7776,6360
78,0.4927,60.5141,1.5278,5782
81,0.5284,57.0303,1.5145,5752
84,0.5569,55.0172,1.3177,5297
87,0.5855,51.8891,1.3891,5462
90,0.6212,49.6019,1.0879,4765
92,0.6497,46.3647,1.1856,4991
95,0.6854,42.6609,1.2253,5083
98,0.7140,40.6949,1.0171,4602
101,0.7426,37.3019,1.1523,4914
104,0.7783,35.1485,0.8189,4143
107,0.8140,31.4722,0.8520,4220
109,0.8497,29.0609,0.5806,3592
112,0.8782,25.7040,0.7071,3885
115,0.9139,21.9568,0.7572,4001
118,0.9496,19.7232,0.4431,3274
121,0.9853,15.9695,0.4948,3394
124,1.0139,13.7985,0.3359,3026
127,1.0496,10.1053,0.3731,3112
130,1.0853,7.6901,0.1026,2487
133,1.1138,4.3296,0.2300,2781
135,1.1495,0.5810,0.2805,2898
138,1.1781,-1.3951,0.0747,2422
141,1.2138,-5.0556,0.1040,2490
144,1.2424,-7.1087,-0.0833,0
147,1.2709,-10.2752,-0.0025,0
150,1.2995,-12.3134,-0.1934,0
152,1.3352,-15.7234,-0.2244,2768
155,1.3709,-19.4898,-0.1696,2642
159,1.3994,-21.4700,-0.3744,3115
162,1.4351,-24.9792,-0.3816,3132
165,1.4637,-27.0949,-0.5538,3530
168,1.4994,-30.5796,-0.5668,3560
171,1.5280,-33.9602,-0.4345,3254
174,1.5565,-35.8531,-0.6604,3777
177,1.5851,-38.8651,-0.6168,3676
180,1.6136,-42.0744,-0.5258,3465
183,1.6422,-43.8316,-0.7843,4063
186,1.6636,-46.6102,-0.6265,3698
189,1.6922,-48.3669,-0.8851,4296
192,1.7136,-50.8346,-0.8023,4105
195,1.7350,-53.2783,-0.7251,3926
199,1.7564,-54.7015,-0.8937,4316
202,1.7779,-57.1578,-0.8135,4131
205,1.7993,-58.5838,-0.9814,4519
208,1.8136,-60.4747,-0.8669,4254
211,1.8278,-62.2965,-0.7692,4028
214,1.8493,-63.4820,-0.9949,4550
217,1.8635,-65.1410,-0.9363,4415
220,1.8778,-66.7235,-0.8961,4322
223,1.8850,-67.4362,-0.8949,4319
226,1.8992,-68.7944,-0.9087,4351
229,1.9064,-69.4563,-0.9198,4376
232,1.9207,-70.7656,-0.9454,4436
235,1.9278,-71.8083,-0.8648,4249
239,1.9349,-72.3020,-0.9163,4368
242,1.9421,-73.0359,-0.9100,4354
245,1.9421,-73.2989,-0.8467,4207
248,1.9492,-73.8102,-0.8940,4317
251,1.9492,-74.1508,-0.8120,4127
254,1.9564,-74.4856,-0.9018,4335
257,1.9564,-74.8086,-0.8240,4155
260,1.9564,-74.9257,-0.7959,4090
263,1.9564,-74.9521,-0.7895,4075
266,1.9564,-74.9777,-0.7833,4061
269,1.9492,-74.7257,-0.6736,3807
272,1.9492,-74.4827,-0.7321,3943
275,1.9492,-74.3945,-0.7533,3992
279,1.9421,-74.1168,-0.6498,3752
282,1.9349,-73.5912,-0.6060,3651
285,1.9349,-73.3754,-0.6579,3771
288,1.9278,-72.9095,-0.5997,3636
291,1.9207,-72.1724,-0.6068,3653
294,1.9135,-71.7479,-0.5386,3495
297,1.9064,-71.0807,-0.5288,3472
300,1.9064,-70.6836,-0.6244,3693
303,1.8992,-70.3360,-0.5377,3493
306,1.8921,-69.5877,-0.5475,3516
309,1.8778,-68.9029,-0.3716,3109
312,1.8707,-67.9845,-0.4223,3226
315,1.8635,-67.0835,-0.4688,3334
319,1.8564,-66.6218,-0.4096,3197
322,1.8493,-65.9188,-0.4084,3194
325,1.8421,-65.4051,-0.3617,3086
328,1.8278,-64.3940,-0.2644,2861
331,1.8207,-63.3042,-0.3563,3073
334,1.8136,-62.7998,-0.3074,2960
337,1.7993,-61.6426,-0.2452,2816
340,1.7921,-60.6550,-0.3125,2972
343,1.7850,-60.1737,-0.2580,2846
346,1.7707,-59.0388,-0.1905,2690
349,1.7636,-58.4274,-0.1673,2636
352,1.7493,-57.3221,-0.0926,2464
355,1.7422,-56.1981,-0.1928,2695
359,1.7279,-55.4282,-0.0374,2336
362,1.7207,-54.4279,-0.1078,2499
365,1.7065,-53.5891,0.0310,0
367,1.6993,-52.5224,-0.0554,2378
370,1.6922,-51.5675,-0.1148,2515
374,1.6779,-50.8359,0.0498,0
376,1.6708,-49.8725,-0.0118,2277
379,1.6565,-49.0421,0.1291,0
382,1.6493,-47.9834,0.0446,2353
385,1.6422,-47.0314,-0.0142,0
388,1.6351,-46.5583,0.0423,2347
391,1.6351,-46.1019,-0.0675,2406
394,1.6208,-45.4831,0.1242,0
397,1.6136,-44.6284,0.0889,2455
400,1.6065,-44.0804,0.1273,2544
403,1.5994,-43.2941,0.1084,2500
406,1.5851,-42.1831,0.1817,0
408,1.5851,-41.8349,0.0979,0
411,1.5779,-41.0860,0.0880,0
414,1.5637,-40.4010,0.2639,0
417,1.5565,-39.4826,0.2132,0
419,1.5494,-38.9201,0.2481,2823
422,1.5494,-38.3776,0.1176,2521
425,1.5422,-37.7680,0.1412,2576
428,1.5351,-37.3723,0.2163,2750
431,1.5280,-36.7328,0.2327,2788
434,1.5280,-36.4913,0.1746,2653
437,1.5208,-36.0005,0.2268,2774
440,1.5137,-35.4096,0.2550,2839
443,1.5137,-35.1791,0.1995,2711
446,1.5137,-34.9567,0.1460,2587
449,1.5065,-34.6486,0.2422,2809
452,1.5065,-34.3514,0.1706,2644
455,1.5065,-34.2437,0.1447,2584
458,1.5065,-34.2193,0.1388,2571
461,1.5065,-34.1958,0.1332,2557
464,1.5065,-34.1905,0.1319,2555
467,1.5065,-34.1854,0.1307,2552
470,1.5065,-34.1835,0.1302,2551
473,1.5065,-34.1831,0.1301,2550
476,1.5065,-34.1827,0.1300,2550
479,1.5065,-34.1826,0.1300,2550
482,1.5065,-34.1825,0.1300,2550
485,1.5137,-34.5955,0.0590,2386
488,1.5137,-34.6889,0.0815,2438
491,1.5137,-34.7790,0.1032,2488
494,1.5208,-35.0572,-0.0002,0
497,1.5208,-35.3255,0.0644,2398
500,1.5208,-35.4227,0.0878,2453
503,1.5280,-35.7025,-0.0152,0
506,1.5280,-35.9724,0.0497,2364
509,1.5351,-36.2912,-0.0439,0
511,1.5351,-36.5987,0.0301,2319
514,1.5351,-36.6683,0.0469,2358
517,1.5422,-36.9932,-0.0453,0
520,1.5422,-37.2662,0.0204,0
523,1.5494,-37.5857,-0.0730,2418
526,1.5494,-37.8939,0.0012,0
529,1.5494,-37.9636,0.0179,0
532,1.5422,-37.6179,0.1051,2492
535,1.5494,-37.7975,-0.0221,0
537,1.5494,-37.9707,0.0196,2295
540,1.5565,-38.4464,-0.0362,0
543,1.5565,-38.5541,-0.0103,0
546,1.5637,-39.0708,-0.0563,0
549,1.5637,-39.1878,-0.0281,0
552,1.5637,-39.3005,-0.0010,0
554,1.5637,-39.3261,0.0051,0
557,1.5637,-39.3507,0.0111,0
560,1.5637,-39.3596,0.0132,0
563,1.5708,-39.6194,-0.0946,0
565,1.5708,-39.8700,-0.0343,0
568,1.5708,-39.9267,-0.0206,0
571,1.5779,-40.2391,-0.1158,0
574,1.5779,-40.4067,-0.0755,0
577,1.5779,-40.5683,-0.0366,0
580,1.5779,-40.6049,-0.0278,0
582,1.5779,-40.6402,-0.0193,0
585,1.5779,-40.6529,-0.0162,0
588,1.5851,-40.9136,-0.1238,0
591,1.5851,-41.1650,-0.0633,0
594,1.5851,-41.2219,-0.0496,0
596,1.5851,-41.2768,-0.0364,0
599,1.5851,-41.2892,-0.0334,0
602,1.5851,-41.3012,-0.0305,0
605,1.5851,-41.3055,-0.0295,0
608,1.5851,-41.3065,-0.0292,0
610,1.5851,-41.3075,-0.0290,0
613,1.5851,-41.3077,-0.0290,0
616,1.5851,-41.3079,-0.0289,0
619,1.5851,-41.3079,-0.0289,0
622,1.5851,-41.3080,-0.0289,0
625,1.5851,-41.3080,-0.0289,0
627,1.5851,-41.3080,-0.0289,0
630,1.5851,-41.3080,-0.0289,0
633,1.5851,-41.3080,-0.0289,0
636,1.5851,-41.3080,-0.0289,0
639,1.5851,-41.3080,-0.0289,0
641,1.5851,-41.3080,-0.0289,0
644,1.5851,-41.3080,-0.0289,0
647,1.5851,-41.3080,-0.0289,0
650,1.5851,-41.3080,-0.0289,0
653,1.5851,-41.3080,-0.0289,0
656,1.5851,-41.3080,-0.0289,0
658,1.5851,-41.3080,-0.0289,0
661,1.5851,-41.3080,-0.0289,0
664,1.5851,-41.3080,-0.0289,0
667,1.5851,-41.3080,-0.0289,0
670,1.5851,-41.3080,-0.0289,0
672,1.5851,-41.3080,-0.0289,0
675,1.5851,-41.3080,-0.0289,0
678,1.5851,-41.3080,-0.0289,0
681,1.5851,-41.3080,-0.0289,0
684,1.5851,-41.3080,-0.0289,0
687,1.5851,-41.3080,-0.0289,0
689,1.5851,-41.3080,-0.0289,0
692,1.5851,-41.3080,-0.0289,0
695,1.5851,-41.3080,-0.0289,0
698,1.5779,-41.0502,0.0794,0
701,1.5779,-40.8016,0.0196,0
703,1.5779,-40.7453,0.0060,0
706,1.5779,-40.6911,-0.0070,0
709,1.5779,-40.6788,-0.0100,0
712,1.5779,-40.6670,-0.0128,0
714,1.5779,-40.6643,-0.0135,0
717,1.5779,-40.6617,-0.0141,0
720,1.5779,-40.6608,-0.0143,0
723,1.5779,-40.6605,-0.0144,0
726,1.5779,-40.6603,-0.0144,0
729,1.5779,-40.6603,-0.0144,0
731,1.5779,-40.6602,-0.0144,0
734,1.5779,-40.6602,-0.0144,0
737,1.5779,-40.6602,-0.0144,0
740,1.5779,-40.6602,-0.0144,0
743,1.5779,-40.6602,-0.0144,0
745,1.5779,-40.6602,-0.0144,0
748,1.5779,-40.6602,-0.0144,0
751,1.5779,-40.6602,-0.0144,0
754,1.5779,-40.6602,-0.0144,0
757,1.5779,-40.6602,-0.0144,0
760,1.5779,-40.6602,-0.0144,0
762,1.5779,-40.6602,-0.0144,0
765,1.5779,-40.6602,-0.0144,0
768,1.5779,-40.6602,-0.0144,0
771,1.5779,-40.6602,-0.0144,0
774,1.5779,-40.6602,-0.0144,0
776,1.5779,-40.6602,-0.0144,0
779,1.5779,-40.6602,-0.0144,0
782,1.5779,-40.6602,-0.0144,0
785,1.5779,-40.6602,-0.0144,0
788,1.5779,-40.6602,-0.0144,0
790,1.5779,-40.6602,-0.0144,0
793,1.5779,-40.6602,-0.0144,0
796,1.5779,-40.6602,-0.0144,0
799,1.5779,-40.6602,-0.0144,0
802,1.5779,-40.6602,-0.0144,0
805,1.5779,-40.6602,-0.0144,0
807,1.5779,-40.6602,-0.0144,0
810,1.5779,-40.6602,-0.0144,0
813,1.5779,-40.6602,-0.0144,0
816,1.5779,-40.6602,-0.0144,0
819,1.5779,-40.6602,-0.0144,0
821,1.5779,-40.6602,-0.0144,0
824,1.5779,-40.6602,-0.0144,0
827,1.5779,-40.6602,-0.0144,0
830,1.5779,-40.6602,-0.0144,0
833,1.5779,-40.6602,-0.0144,0
836,1.5779,-40.6602,-0.0144,0
838,1.5779,-40.6602,-0.0144,0
841,1.5779,-40.6602,-0.0144,0
844,1.5779,-40.6602,-0.0144,0
847,1.5779,-40.6602,-0.0144,0
850,1.5779,-40.6602,-0.0144,0
852,1.5779,-40.6602,-0.0144,0
855,1.5779,-40.6602,-0.0144,0
858,1.5779,-40.6602,-0.0144,0
861,1.5779,-40.6602,-0.0144,0
864,1.5779,-40.6602,-0.0144,0
867,1.5779,-40.6602,-0.0144,0
869,1.5779,-40.6602,-0.0144,0
872,1.5779,-40.6602,-0.0144,0
875,1.5779,-40.6602,-0.0144,0
878,1.5779,-40.6602,-0.0144,0
881,1.5779,-40.6602,-0.0144,0
883,1.5779,-40.6602,-0.0144,0
886,1.5779,-40.6602,-0.0144,0
889,1.5779,-40.6602,-0.0144,0
892,1.5779,-40.6602,-0.0144,0
895,1.5779,-40.6602,-0.0144,0
898,1.5779,-40.6602,-0.0144,0
900,1.5779,-40.6602,-0.0144,0
903,1.5779,-40.6602,-0.0144,0
906,1.5779,-40.6602,-0.0144,0
909,1.5779,-40.6602,-0.0144,0
912,1.5779,-40.6602,-0.0144,0
914,1.5779,-40.6602,-0.0144,0
917,1.5779,-40.6602,-0.0144,0
920,1.5779,-40.6602,-0.0144,0
923,1.5779,-40.6602,-0.0144,0
926,1.5779,-40.6602,-0.0144,0
929,1.5779,-40.6602,-0.0144,0
931,1.5779,-40.6602,-0.0144,0
934,1.5779,-40.6602,-0.0144,0
937,1.5779,-40.6602,-0.0144,0
940,1.5779,-40.6602,-0.0144,0
943,1.5779,-40.6602,-0.0144,0
945,1.5779,-40.6602,-0.0144,0
948,1.5779,-40.6602,-0.0144,0
951,1.5779,-40.6602,-0.0144,0
954,1.5779,-40.6602,-0.0144,0
957,1.5779,-40.6602,-0.0144,0
959,1.5779,-40.6602,-0.0144,0
962,1.5779,-40.6602,-0.0144,0
965,1.5779,-40.6602,-0.0144,0
968,1.5779,-40.6602,-0.0144,0
971,1.5779,-40.6602,-0.0144,0
974,1.5779,-40.6602,-0.0144,0
976,1.5779,-40.6602,-0.0144,0
979,1.5779,-40.6602,-0.0144,0
982,1.5779,-40.6602,-0.0144,0
985,1.5779,-40.6602,-0.0144,0
988,1.5779,-40.6602,-0.0144,0
990,1.5779,-40.6602,-0.0144,0
993,1.5779,-40.6602,-0.0144,0
996,1.5779,-40.6602,-0.0144,0
999,1.5779,-40.6602,-0.0144,0
